"","x"
"1","X1772067055_A01"
"2","X1772067055_A03"
"3","X1772067055_A04"
"4","X1772067055_A05"
"5","X1772067055_A06"
"6","X1772067055_A07"
"7","X1772067055_A09"
"8","X1772067055_B01"
"9","X1772067055_B02"
"10","X1772067055_B04"
"11","X1772067055_B07"
"12","X1772067055_B09"
"13","X1772067055_B10"
"14","X1772067055_B11"
"15","X1772067055_B12"
"16","X1772067055_C01"
"17","X1772067055_C03"
"18","X1772067055_C06"
"19","X1772067055_C08"
"20","X1772067055_C10"
"21","X1772067055_C12"
"22","X1772067055_D02"
"23","X1772067055_D05"
"24","X1772067055_D06"
"25","X1772067055_D10"
"26","X1772067055_E02"
"27","X1772067055_E03"
"28","X1772067055_E05"
"29","X1772067055_E07"
"30","X1772067055_E09"
"31","X1772067055_E11"
"32","X1772067055_E12"
"33","X1772067055_F04"
"34","X1772067055_F06"
"35","X1772067055_F07"
"36","X1772067055_F08"
"37","X1772067055_F12"
"38","X1772067055_G05"
"39","X1772067055_G06"
"40","X1772067055_G07"
"41","X1772067055_G08"
"42","X1772067055_G09"
"43","X1772067055_G10"
"44","X1772067055_G12"
"45","X1772067055_H03"
"46","X1772067055_H04"
"47","X1772067055_H05"
"48","X1772067055_H06"
"49","X1772067055_H08"
"50","X1772067055_H11"
"51","X1772067055_H12"
"52","X1772067056_A10"
"53","X1772067056_B01"
"54","X1772067056_B06"
"55","X1772067056_C01"
"56","X1772067056_C04"
"57","X1772067056_C11"
"58","X1772067056_D06"
"59","X1772067056_D09"
"60","X1772067056_D10"
"61","X1772067056_E02"
"62","X1772067056_E03"
"63","X1772067056_E05"
"64","X1772067056_E07"
"65","X1772067056_F01"
"66","X1772067056_F02"
"67","X1772067056_F10"
"68","X1772067071_B02"
"69","X1772067071_B03"
"70","X1772067071_B04"
"71","X1772067071_B06"
"72","X1772067071_B07"
"73","X1772067071_B10"
"74","X1772067071_C01"
"75","X1772067071_C04"
"76","X1772067071_C05"
"77","X1772067071_C10"
"78","X1772067071_C11"
"79","X1772067071_D03"
"80","X1772067071_D09"
"81","X1772067071_D11"
"82","X1772067071_F01"
"83","X1772067071_F06"
"84","X1772067071_F07"
"85","X1772067071_G02"
"86","X1772067071_G03"
"87","X1772067071_G06"
"88","X1772067071_G07"
"89","X1772067071_G12"
"90","X1772067071_H02"
"91","X1772067071_H04"
"92","X1772067071_H09"
"93","X1772067071_H11"
"94","X1772067072_A06"
"95","X1772067072_A08"
"96","X1772067072_A09"
"97","X1772067072_A10"
"98","X1772067072_B02"
"99","X1772067072_B04"
"100","X1772067072_C04"
"101","X1772067072_C10"
"102","X1772067072_C11"
"103","X1772067072_D01"
"104","X1772067072_D04"
"105","X1772067072_E02"
"106","X1772067072_E05"
"107","X1772067072_E07"
"108","X1772067072_G11"
"109","X1772067075_A01"
"110","X1772067075_A04"
"111","X1772067075_A05"
"112","X1772067075_A09"
"113","X1772067075_A10"
"114","X1772067075_A12"
"115","X1772067075_B03"
"116","X1772067075_B04"
"117","X1772067075_B06"
"118","X1772067075_B10"
"119","X1772067075_C01"
"120","X1772067075_C02"
"121","X1772067075_C03"
"122","X1772067075_C05"
"123","X1772067075_C08"
"124","X1772067075_C09"
"125","X1772067075_C10"
"126","X1772067075_C11"
"127","X1772067075_D01"
"128","X1772067075_D02"
"129","X1772067075_D05"
"130","X1772067075_D07"
"131","X1772067075_D12"
"132","X1772067075_E01"
"133","X1772067075_E03"
"134","X1772067075_E05"
"135","X1772067075_E06"
"136","X1772067075_E11"
"137","X1772067075_E12"
"138","X1772067075_F02"
"139","X1772067075_F06"
"140","X1772067075_F07"
"141","X1772067075_F10"
"142","X1772067075_F11"
"143","X1772067075_F12"
"144","X1772067075_G01"
"145","X1772067075_G05"
"146","X1772067075_G06"
"147","X1772067075_G07"
"148","X1772067075_G11"
"149","X1772067075_G12"
"150","X1772067075_H05"
"151","X1772067075_H10"
"152","X1772067075_H11"
"153","X1772067075_H12"
"154","X1772067078_A01"
"155","X1772067078_A04"
"156","X1772067078_A06"
"157","X1772067078_A09"
"158","X1772067078_A10"
"159","X1772067078_B01"
"160","X1772067078_B02"
"161","X1772067078_B06"
"162","X1772067078_B10"
"163","X1772067078_B12"
"164","X1772067078_C01"
"165","X1772067078_C03"
"166","X1772067078_C04"
"167","X1772067078_C05"
"168","X1772067078_C07"
"169","X1772067078_C10"
"170","X1772067078_C12"
"171","X1772067078_D01"
"172","X1772067078_D02"
"173","X1772067078_D03"
"174","X1772067078_D05"
"175","X1772067078_D06"
"176","X1772067078_D07"
"177","X1772067078_D08"
"178","X1772067078_D11"
"179","X1772067078_E02"
"180","X1772067078_E04"
"181","X1772067078_E06"
"182","X1772067078_E07"
"183","X1772067078_E12"
"184","X1772067078_F01"
"185","X1772067078_F04"
"186","X1772067078_F10"
"187","X1772067078_F11"
"188","X1772067078_G03"
"189","X1772067078_G05"
"190","X1772067078_G08"
"191","X1772067078_G12"
"192","X1772067078_H02"
"193","X1772067078_H04"
"194","X1772067078_H05"
"195","X1772067078_H06"
"196","X1772067078_H08"
"197","X1772067078_H10"
"198","X1772067078_H11"
"199","X1772067078_H12"
"200","X1772067080_A07"
"201","X1772067080_A08"
"202","X1772067080_B08"
"203","X1772067080_C07"
"204","X1772067080_D08"
"205","X1772067080_E01"
"206","X1772067080_E04"
"207","X1772067080_F02"
"208","X1772067080_F09"
"209","X1772067080_H01"
"210","X1772067084_A01"
"211","X1772067084_A02"
"212","X1772067084_A04"
"213","X1772067084_A06"
"214","X1772067084_A07"
"215","X1772067084_A08"
"216","X1772067084_A09"
"217","X1772067084_A11"
"218","X1772067084_B03"
"219","X1772067084_B04"
"220","X1772067084_B05"
"221","X1772067084_B06"
"222","X1772067084_B07"
"223","X1772067084_B09"
"224","X1772067084_B12"
"225","X1772067084_C03"
"226","X1772067084_C05"
"227","X1772067084_C06"
"228","X1772067084_C07"
"229","X1772067084_C08"
"230","X1772067084_C10"
"231","X1772067084_C11"
"232","X1772067084_C12"
"233","X1772067084_D03"
"234","X1772067084_D04"
"235","X1772067084_D05"
"236","X1772067084_D06"
"237","X1772067084_D07"
"238","X1772067084_D10"
"239","X1772067084_D11"
"240","X1772067084_D12"
"241","X1772067084_E01"
"242","X1772067084_E02"
"243","X1772067084_E04"
"244","X1772067084_E05"
"245","X1772067084_E06"
"246","X1772067084_E07"
"247","X1772067084_E08"
"248","X1772067084_E09"
"249","X1772067084_E11"
"250","X1772067084_F01"
"251","X1772067084_F02"
"252","X1772067084_F04"
"253","X1772067084_F06"
"254","X1772067084_F09"
"255","X1772067084_F10"
"256","X1772067084_F11"
"257","X1772067084_F12"
"258","X1772067084_G04"
"259","X1772067084_G05"
"260","X1772067084_G06"
"261","X1772067084_G09"
"262","X1772067084_G11"
"263","X1772067084_G12"
"264","X1772067084_H04"
"265","X1772067084_H05"
"266","X1772067084_H06"
"267","X1772067084_H11"
"268","X1772067085_B07"
"269","X1772067085_B11"
"270","X1772067085_C01"
"271","X1772067085_C08"
"272","X1772067085_D03"
"273","X1772067085_E01"
"274","X1772067085_E03"
"275","X1772067085_E09"
"276","X1772067085_E12"
"277","X1772067085_F09"
"278","X1772067085_G08"
"279","X1772067085_H01"
"280","X1772067085_H03"
"281","X1772067086_A02"
"282","X1772067086_A03"
"283","X1772067086_A05"
"284","X1772067086_A06"
"285","X1772067086_A07"
"286","X1772067086_A11"
"287","X1772067086_B03"
"288","X1772067086_B04"
"289","X1772067086_B11"
"290","X1772067086_B12"
"291","X1772067086_C01"
"292","X1772067086_C05"
"293","X1772067086_C06"
"294","X1772067086_C07"
"295","X1772067086_C08"
"296","X1772067086_C09"
"297","X1772067086_C10"
"298","X1772067086_C11"
"299","X1772067086_C12"
"300","X1772067086_D01"
"301","X1772067086_D03"
"302","X1772067086_D04"
"303","X1772067086_D06"
"304","X1772067086_D10"
"305","X1772067086_D11"
"306","X1772067086_E01"
"307","X1772067086_E02"
"308","X1772067086_E04"
"309","X1772067086_E06"
"310","X1772067086_E12"
"311","X1772067086_F05"
"312","X1772067086_F11"
"313","X1772067086_G10"
"314","X1772067086_G12"
"315","X1772067086_H05"
"316","X1772067086_H06"
"317","X1772067086_H10"
"318","X1772067086_H11"
"319","X1772067086_H12"
"320","X1772067087_A04"
"321","X1772067087_A08"
"322","X1772067087_A09"
"323","X1772067087_A12"
"324","X1772067087_B02"
"325","X1772067087_B05"
"326","X1772067087_C05"
"327","X1772067087_C10"
"328","X1772067087_D02"
"329","X1772067087_D07"
"330","X1772067087_D08"
"331","X1772067087_F01"
"332","X1772067087_F11"
"333","X1772067087_G02"
"334","X1772067087_G06"
"335","X1772067087_H04"
"336","X1772067087_H05"
"337","X1772067087_H08"
"338","X1772067087_H11"
"339","X1772067090_A02"
"340","X1772067090_A03"
"341","X1772067090_A04"
"342","X1772067090_A06"
"343","X1772067090_A07"
"344","X1772067090_A08"
"345","X1772067090_A10"
"346","X1772067090_A11"
"347","X1772067090_B01"
"348","X1772067090_B02"
"349","X1772067090_B06"
"350","X1772067090_B11"
"351","X1772067090_C01"
"352","X1772067090_C02"
"353","X1772067090_C03"
"354","X1772067090_C04"
"355","X1772067090_C05"
"356","X1772067090_C06"
"357","X1772067090_C10"
"358","X1772067090_C11"
"359","X1772067090_C12"
"360","X1772067090_D04"
"361","X1772067090_D05"
"362","X1772067090_D06"
"363","X1772067090_D08"
"364","X1772067090_D09"
"365","X1772067090_D11"
"366","X1772067090_E07"
"367","X1772067090_E09"
"368","X1772067090_E10"
"369","X1772067090_E12"
"370","X1772067090_F04"
"371","X1772067090_F07"
"372","X1772067090_F09"
"373","X1772067090_F10"
"374","X1772067090_F11"
"375","X1772067090_F12"
"376","X1772067090_G04"
"377","X1772067090_G05"
"378","X1772067090_G10"
"379","X1772067090_G12"
"380","X1772067090_H02"
"381","X1772067090_H04"
"382","X1772067090_H05"
"383","X1772067090_H06"
"384","X1772067090_H10"
"385","X1772067090_H11"
"386","X1772067090_H12"
"387","X1772067095_A01"
"388","X1772067095_A04"
"389","X1772067095_A08"
"390","X1772067095_B07"
"391","X1772067095_C01"
"392","X1772067095_C06"
"393","X1772067095_C09"
"394","X1772067095_D01"
"395","X1772067095_D03"
"396","X1772067095_D06"
"397","X1772067095_D07"
"398","X1772067095_D09"
"399","X1772067095_E05"
"400","X1772067095_E06"
"401","X1772067095_G04"
"402","X1772067095_G05"
"403","X1772067095_G11"
"404","X1772071025_A01"
"405","X1772071025_A05"
"406","X1772071025_A07"
"407","X1772071025_B06"
"408","X1772071025_B07"
"409","X1772071025_B12"
"410","X1772071025_C03"
"411","X1772071025_C05"
"412","X1772071025_C09"
"413","X1772071025_D01"
"414","X1772071025_D03"
"415","X1772071025_D06"
"416","X1772071025_D08"
"417","X1772071025_E09"
"418","X1772071025_E12"
"419","X1772071025_F06"
"420","X1772071025_G04"
"421","X1772071025_G06"
"422","X1772071025_G10"
"423","X1772071025_H01"
"424","X1772071025_H07"
"425","X1772071026_A02"
"426","X1772071026_A05"
"427","X1772071026_B02"
"428","X1772071026_B04"
"429","X1772071026_B05"
"430","X1772071026_C03"
"431","X1772071026_D08"
"432","X1772071026_D09"
"433","X1772071026_D10"
"434","X1772071026_E10"
"435","X1772071026_F05"
"436","X1772071026_F10"
"437","X1772071026_G06"
"438","X1772071032_A01"
"439","X1772071032_B01"
"440","X1772071032_B02"
"441","X1772071032_B04"
"442","X1772071032_B09"
"443","X1772071032_C05"
"444","X1772071032_C06"
"445","X1772071032_D06"
"446","X1772071032_D09"
"447","X1772071032_E10"
"448","X1772071032_F09"
"449","X1772071032_H05"
"450","X1772071034_A03"
"451","X1772071034_A04"
"452","X1772071034_A08"
"453","X1772071034_A10"
"454","X1772071034_A12"
"455","X1772071034_C09"
"456","X1772071034_D02"
"457","X1772071034_D03"
"458","X1772071034_E07"
"459","X1772071034_E10"
"460","X1772071034_E11"
"461","X1772071034_E12"
"462","X1772071034_F03"
"463","X1772071034_F04"
"464","X1772071034_F10"
"465","X1772071034_H12"
"466","X1772071037_A01"
"467","X1772071037_A02"
"468","X1772071037_A03"
"469","X1772071037_A05"
"470","X1772071037_A06"
"471","X1772071037_A07"
"472","X1772071037_A08"
"473","X1772071037_A09"
"474","X1772071037_B02"
"475","X1772071037_B03"
"476","X1772071037_B04"
"477","X1772071037_B05"
"478","X1772071037_B06"
"479","X1772071037_B07"
"480","X1772071037_B08"
"481","X1772071037_B09"
"482","X1772071037_B10"
"483","X1772071037_B12"
"484","X1772071037_C01"
"485","X1772071037_C02"
"486","X1772071037_C03"
"487","X1772071037_C04"
"488","X1772071037_C05"
"489","X1772071037_C06"
"490","X1772071037_C08"
"491","X1772071037_C09"
"492","X1772071037_C10"
"493","X1772071037_C11"
"494","X1772071037_D02"
"495","X1772071037_D03"
"496","X1772071037_D04"
"497","X1772071037_D05"
"498","X1772071037_D12"
"499","X1772071037_E01"
"500","X1772071037_E03"
"501","X1772071037_E04"
"502","X1772071037_E05"
"503","X1772071037_E10"
"504","X1772071037_E11"
"505","X1772071037_E12"
"506","X1772071037_F07"
"507","X1772071037_G04"
"508","X1772071037_G05"
"509","X1772071037_G06"
"510","X1772071037_G07"
"511","X1772071037_G08"
"512","X1772071037_G10"
"513","X1772071037_G11"
"514","X1772071037_G12"
"515","X1772071037_H02"
"516","X1772071037_H05"
"517","X1772071037_H10"
"518","X1772071037_H12"
"519","X1772071039_A02"
"520","X1772071039_A11"
"521","X1772071039_B01"
"522","X1772071039_B02"
"523","X1772071039_B10"
"524","X1772071039_C05"
"525","X1772071039_C09"
"526","X1772071039_D01"
"527","X1772071039_D03"
"528","X1772071039_D07"
"529","X1772071039_D10"
"530","X1772071039_D12"
"531","X1772071039_E08"
"532","X1772071039_E10"
"533","X1772071039_F05"
"534","X1772071039_F10"
"535","X1772071039_F11"
"536","X1772071039_F12"
"537","X1772071039_G04"
"538","X1772071039_G05"
"539","X1772071039_H02"
"540","X1772071039_H06"
"541","X1772071039_H12"
"542","X1772071051_A03"
"543","X1772071051_A06"
"544","X1772071051_A10"
"545","X1772071051_A11"
"546","X1772071051_B07"
"547","X1772071051_B10"
"548","X1772071051_C04"
"549","X1772071051_C07"
"550","X1772071051_C09"
"551","X1772071051_C11"
"552","X1772071051_D07"
"553","X1772071051_D11"
"554","X1772071051_E06"
"555","X1772071051_F04"
"556","X1772071051_F05"
"557","X1772071051_F12"
"558","X1772071051_G12"
"559","X1772071061_A03"
"560","X1772071061_A06"
"561","X1772071061_A08"
"562","X1772071061_B02"
"563","X1772071061_B11"
"564","X1772071061_E07"
"565","X1772071061_E11"
"566","X1772071061_E12"
"567","X1772071063_A11"
"568","X1772071063_C01"
"569","X1772071063_C02"
"570","X1772071063_C03"
"571","X1772071063_C09"
"572","X1772071063_C12"
"573","X1772071063_E02"
"574","X1772071063_E03"
"575","X1772071063_E04"
"576","X1772071063_E09"
"577","X1772071063_E10"
"578","X1772071063_F10"
"579","X1772071063_G06"
"580","X1772071063_G09"
"581","X1772071063_G11"
"582","X1772071063_H11"
"583","X1772071066_A02"
"584","X1772071066_A05"
"585","X1772071066_B06"
"586","X1772071066_B08"
"587","X1772071066_D09"
"588","X1772071066_E01"
"589","X1772071066_F09"
"590","X1772071066_G01"
"591","X1772071066_G12"
"592","X1772071068_A02"
"593","X1772071068_A03"
"594","X1772071068_A08"
"595","X1772071068_A11"
"596","X1772071068_C03"
"597","X1772071068_C08"
"598","X1772071068_D01"
"599","X1772071068_D05"
"600","X1772071068_D08"
"601","X1772071068_E03"
"602","X1772071068_E11"
"603","X1772071068_F01"
"604","X1772071068_F07"
"605","X1772071068_F09"
"606","X1772071068_F10"
"607","X1772071068_G10"
"608","X1772071068_H01"
"609","X1772072256_B07"
"610","X1772072256_B10"
"611","X1772072256_D01"
"612","X1772072256_F12"
"613","X1772072256_G11"
"614","X1772072259_A12"
"615","X1772072259_B07"
"616","X1772072259_C05"
"617","X1772072259_C06"
"618","X1772072259_C12"
"619","X1772072259_D03"
"620","X1772072259_D10"
"621","X1772072259_D12"
"622","X1772072259_E02"
"623","X1772072259_E05"
"624","X1772072259_E07"
"625","X1772072259_F01"
"626","X1772072259_F02"
"627","X1772072259_F11"
"628","X1772072259_F12"
"629","X1772072259_G04"
"630","X1772072259_G06"
"631","X1772072259_G09"
"632","X1772072259_H02"
"633","X1772072261_A05"
"634","X1772072261_A07"
"635","X1772072261_B12"
"636","X1772072261_C07"
"637","X1772072261_C09"
"638","X1772072261_D04"
"639","X1772072261_D08"
"640","X1772072261_E06"
"641","X1772072261_E09"
"642","X1772072261_E10"
"643","X1772072261_F01"
"644","X1772072261_F03"
"645","X1772072261_G06"
"646","X1772072261_G09"
"647","X1772072261_H03"
"648","X1772072263_A05"
"649","X1772072263_B03"
"650","X1772072263_D01"
"651","X1772072263_D04"
"652","X1772072263_D06"
"653","X1772072263_G04"
"654","X1772072263_G05"
"655","X1772072263_H04"
"656","X1772072275_A10"
"657","X1772072275_A12"
"658","X1772072275_B05"
"659","X1772072275_C04"
"660","X1772072275_C08"
"661","X1772072275_D08"
"662","X1772072275_E03"
"663","X1772072275_F05"
"664","X1772072275_F08"
"665","X1772072275_H02"
"666","X1772072275_H08"
"667","X1772072276_B05"
"668","X1772072276_B12"
"669","X1772072276_C02"
"670","X1772072276_C08"
"671","X1772072276_D08"
"672","X1772072276_E12"
"673","X1772072276_H01"
"674","X1772072282_A08"
"675","X1772072282_C11"
"676","X1772072282_D05"
"677","X1772072282_D07"
"678","X1772072282_D10"
"679","X1772072282_E09"
"680","X1772072282_F02"
"681","X1772072282_F08"
"682","X1772072282_G12"
"683","X1772072282_H10"
"684","X1772072283_A11"
"685","X1772072283_B03"
"686","X1772072283_D03"
"687","X1772072283_D12"
"688","X1772072283_E07"
"689","X1772072283_F03"
"690","X1772072283_G02"
"691","X1772072283_H08"
"692","X1772072283_H09"
"693","X1772072284_A01"
"694","X1772072284_A03"
"695","X1772072284_B10"
"696","X1772072284_C02"
"697","X1772072284_C05"
"698","X1772072284_C06"
"699","X1772072284_C08"
"700","X1772072284_D05"
"701","X1772072284_E01"
"702","X1772072284_G03"
"703","X1772072284_G06"
"704","X1772072284_G12"
"705","X1772072285_A02"
"706","X1772072285_A03"
"707","X1772072285_A09"
"708","X1772072285_A11"
"709","X1772072285_B01"
"710","X1772072285_B02"
"711","X1772072285_B03"
"712","X1772072285_B04"
"713","X1772072285_B05"
"714","X1772072285_B07"
"715","X1772072285_B12"
"716","X1772072285_C06"
"717","X1772072285_D05"
"718","X1772072285_D09"
"719","X1772072285_E02"
"720","X1772072285_G06"
